94
95
210
211
162
163
98
99
12
13
194
195
190
191
42
43
54
55
142
143
0
1
192
193
178
179
150
151
50
51
214
215
74
75
106
107
140
141
196
197
100
101
4
5
146
147
10
11
56
57
114
115
58
59
18
19
152
153
206
207
62
63
130
131
90
91
118
119
174
175
110
111
156
157
186
187
184
185
218
219
200
201
32
33
48
49
148
149
202
203
60
61
26
27
64
65
76
77
204
205
22
23
160
161
38
39
66
67
138
139
136
137
198
199
126
127
78
79
168
169
68
69
134
135
164
165
112
113
176
177
44
45
28
29
154
155
20
21
88
89
180
181
216
217
84
85
96
97
124
125
24
25
16
17
128
129
166
167
188
189
6
7
116
117
2
3
104
105
46
47
86
87
30
31
36
37
