164
383
45
156
53
72
315
209
74
333
403
415
92
215
479
59
368
163
210
251
443
320
289
389
7
462
249
228
245
211
129
162
223
41
278
21
434
68
227
151
369
217
154
177
397
139
141
326
175
170
88
96
439
303
50
199
297
131
120
358
180
370
37
160
4
93
304
188
374
453
94
468
292
340
407
408
187
334
213
127
11
6
442
246
396
425
345
89
426
26
77
184
262
207
182
95
100
419
394
155
230
362
237
353
85
323
171
393
153
313
38
392
69
106
348
489
428
158
31
244
8
267
485
233
261
401
291
198
132
324
322
2
18
488
263
76
253
314
351
471
143
449
66
179
133
144
406
280
269
466
208
145
432
277
341
465
317
17
448
20
130
238
296
286
336
300
149
203
387
398
190
201
418
14
55
75
284
39
391
460
257
178
212
472
420
67
99
476
97
196
339
288
318
457
124
242
42
60
192
422
266
254
384
497
226
495
113
19
218
118
364
385
437
293
493
378
241
446
435
27
220
469
86
361
103
481
25
307
167
450
475
410
221
416
105
371
90
452
168
240
402
48
104
206
247
200
62
477
147
146
225
421
484
491
451
109
294
440
121
265
169
381
34
268
30
400
461
354
382
10
173
342
115
363
61
231
264
224
312
356
159
102
310
372
344
337
365
84
281
243
65
64
272
423
248
43
417
375
123
29
122
157
355
330
9
250
165
306
0
271
276
82
191
347
473
399
319
152
54
259
91
256
430
1
459
80
222
431
498
455
328
404
436
58
5
283
128
270
239
405
195
197
32
305
487
458
429
78
56
24
46
252
260
70
386
427
204
298
219
299
134
275
474
126
492
441
73
234
329
202
255
335
376
380
367
290
108
33
137
205
161
482
117
28
166
350
467
285
352
499
138
463
236
409
494
438
273
87
411
311
