380
140
254
423
402
75
524
319
255
346
147
606
338
106
131
253
409
107
285
486
118
481
282
454
465
528
116
148
312
313
570
457
303
506
471
74
279
268
507
137
499
318
527
12
119
193
434
304
291
428
21
138
211
286
610
18
200
96
179
329
62
314
333
247
495
325
462
59
86
575
487
381
241
184
83
88
293
559
22
364
177
478
383
358
443
308
550
477
155
168
215
513
15
324
437
418
42
483
8
540
560
564
419
192
188
92
597
357
555
132
326
331
172
491
237
24
545
399
144
14
442
446
490
493
100
198
571
307
458
335
592
212
66
354
412
339
171
130
187
186
17
377
463
411
548
595
444
488
360
602
385
266
509
288
201
309
315
435
68
221
164
207
447
586
105
45
355
60
407
158
278
562
90
240
298
63
480
589
467
182
340
456
396
451
110
265
317
149
577
552
520
336
176
19
28
245
143
403
251
230
113
297
394
219
585
33
500
460
449
11
70
416
361
23
13
426
258
129
235
218
162
544
52
87
183
53
154
72
69
39
593
190
356
227
294
261
289
404
26
382
556
76
514
209
170
2
262
542
287
156
77
180
139
213
391
372
145
189
125
436
178
546
275
588
567
519
51
498
4
37
280
535
153
441
202
316
439
302
578
133
161
267
547
371
20
400
401
350
120
484
461
598
41
260
427
476
450
257
244
299
406
472
160
351
277
591
518
111
151
345
79
249
553
341
523
475
420
199
474
194
421
414
205
375
246
376
366
85
569
47
7
433
609
573
422
226
38
347
236
378
512
359
561
229
485
532
98
568
55
397
206
31
50
330
334
579
594
497
210
431
181
580
424
49
526
97
208
541
124
242
295
292
516
530
415
109
584
342
521
121
263
590
169
16
34
492
599
533
362
36
3
112
395
117
494
301
10
173
501
115
126
61
231
264
515
455
537
343
204
581
365
102
353
551
386
452
108
503
310
496
135
84
608
243
337
65
64
392
272
554
35
417
248
374
43
40
290
123
29
122
157
413
425
185
479
9
543
165
306
0
522
398
539
82
468
191
508
101
311
466
327
430
152
320
445
54
259
91
390
256
134
368
448
489
1
232
566
222
150
536
174
328
393
136
384
531
453
349
