4558
5919
4513
2439
3695
5066
5931
2492
1982
4837
4918
4863
1327
239
348
3782
4587
3869
3222
5460
5823
5180
5383
2885
982
3276
5033
5508
4855
3357
4212
3300
5435
4598
467
2209
3235
1188
4145
3247
3023
109
3454
464
2698
4720
5606
3913
322
2730
5253
658
5935
5463
172
3139
5169
3391
692
586
1546
984
2568
1718
3172
4641
1663
132
4583
1092
3292
3855
2123
3267
363
2112
3827
356
342
2029
4105
4631
1641
1145
3363
3987
1732
2003
1029
3864
34
5594
1028
1928
2594
2451
4450
2421
4813
693
2079
3847
1524
2947
1648
1897
4198
3365
1309
118
662
825
4289
4876
3539
5762
856
4394
1562
4857
314
2916
1716
3619
905
16
3436
4771
4075
2140
1662
607
1437
5810
4551
5345
5875
2198
4090
2190
4298
1425
1742
2491
2553
740
73
2707
1114
4902
953
4038
5158
5390
2032
4203
3976
2040
4909
2043
5264
4177
1759
4246
2562
1520
1367
3370
1284
3681
4331
2265
4888
3171
828
708
2464
5266
4082
3880
5378
2815
999
5168
3538
3428
2702
392
1213
3776
4055
5010
5912
3523
2260
1472
159
727
5189
2472
281
5262
3595
5461
1449
3056
3991
2951
5818
2843
4066
94
240
1155
1766
3218
1438
3499
2596
4903
1457
994
2683
1712
3566
5246
770
4496
567
681
929
3746
2433
5706
5564
5650
2949
4362
5926
5670
3792
4615
2178
4689
1343
3197
575
741
4188
2964
781
1979
3562
3037
5167
3693
5730
4713
5294
5540
4961
4548
3907
2150
3418
3972
868
2723
4934
2944
367
5521
1066
5308
2168
1889
5625
3233
4398
5979
2822
136
4830
4593
2588
3790
3158
3058
1202
4603
1017
5648
74
1575
351
2992
3500
5585
5541
477
3771
1700
4510
5757
4885
2422
620
1223
5878
4403
1631
5400
3028
2745
2747
3341
1964
5671
2974
4087
1006
3994
4602
4042
579
3835
3689
3906
2633
2842
5389
2392
952
2759
3786
3530
3256
4627
2717
5850
5843
1196
2375
2022
3191
3594
5015
3780
4315
3252
2736
2328
3929
4637
802
4785
2426
5037
1722
2252
3020
1164
1190
5615
576
4081
2343
4522
2087
1634
5139
4624
3380
1720
547
4688
2482
2423
5909
5778
1248
5793
5591
3545
4827
1072
3867
4206
1908
4975
2996
4573
5928
2306
5005
415
5356
3143
3664
1324
2247
1237
22
5050
3568
1922
128
2130
3620
5593
4195
711
5075
1302
5462
3608
4530
3496
2867
5874
2531
2851
3565
5380
2612
2625
4255
4805
1287
1603
5632
543
4242
3646
2310
1266
1444
2619
915
2290
4940
5023
4797
3873
2697
3858
4409
5665
4798
89
5439
2180
1276
4962
2184
5281
4618
1337
5773
4664
792
2834
225
1265
2372
3637
1185
1503
4174
2699
1847
1368
2128
5300
596
3831
4967
5586
1160
3462
3687
4290
3501
3242
3567
2686
4929
5895
168
2665
3978
3019
1229
5083
1194
3232
5211
2085
3350
4007
3753
2355
5841
551
2991
1835
5166
4519
2618
5179
872
185
454
1949
5375
2172
1613
3320
5559
5942
2624
3468
4683
1526
4964
5901
1500
2891
1375
2487
2997
4930
3625
1000
1023
5260
589
4711
5999
482
3492
5815
398
1300
882
2642
2438
2142
3360
1037
3048
1366
3112
5437
4462
4116
944
468
830
1817
4279
5016
2791
3999
2984
5376
1701
2401
4191
587
5077
231
2778
5110
2028
5603
626
2772
3476
677
3556
318
2836
4832
5803
3815
63
4900
2918
5086
2862
4966
4536
2892
2468
2159
4806
227
5858
1806
4989
5223
3131
1683
5497
1485
2760
5099
498
2735
4482
4372
2256
776
4047
1541
3401
700
4984
97
4243
1757
2452
5207
1080
5779
3651
1588
5425
5450
110
5873
1513
4580
469
2037
5721
2261
1009
1616
4913
3110
1097
997
2089
3417
5069
2105
151
3288
4291
3981
5467
5686
4614
3022
167
2300
3910
2116
5631
4666
2970
1689
2275
3045
4214
4040
5796
4812
43
945
1523
5734
3373
5479
724
4599
3571
1714
2495
4769
3275
3265
5525
107
2122
386
3317
4028
5019
5320
1743
4352
3969
2473
1354
3700
5980
3558
1129
3055
3053
5651
1311
3583
2274
3405
5867
4596
3902
2545
493
4141
3781
4474
5095
268
80
2682
209
5936
2869
2643
4296
1181
2107
438
4578
1461
4340
5094
5279
229
3377
72
134
2316
5284
871
5711
4572
5713
4359
5638
1586
2917
3998
3824
3343
5098
5581
3720
938
2721
2560
1559
3698
3361
3683
3632
3603
1958
3464
2595
2348
1347
3455
1511
2741
519
3216
978
360
378
3915
3309
5655
751
1933
4644
858
1040
4494
3607
4579
4920
1218
2703
4098
4571
3003
5831
1516
5972
5880
5018
413
4283
5865
5955
5971
1658
4115
1814
2831
561
4700
5466
664
3346
263
4002
5792
2500
3692
4092
1651
2908
4091
76
1537
1126
3715
435
1170
3212
4076
5436
3435
750
3259
2921
2691
4673
5592
2174
1314
1740
1401
4692
782
414
474
739
3096
4453
5220
1496
2620
765
2152
3729
1653
2513
3528
183
2346
5076
1127
1695
2512
1293
1534
359
1707
4374
40
3973
2334
5636
2344
659
4976
1574
3691
806
1735
1148
2293
712
57
4018
5036
3064
695
1626
754
5750
2877
4884
1790
679
3198
5352
1876
4435
5492
5219
3444
3299
3820
2223
5689
5780
5407
1770
864
1231
816
2787
1525
4469
4691
5932
1507
230
2576
4640
3962
1873
1319
3754
187
87
4027
5135
1882
4808
3452
5335
1497
5444
3511
5440
3763
2062
2326
2090
1206
112
2817
3639
4686
3559
4492
4263
4729
1433
78
5405
125
4500
1459
5317
4429
3060
4840
1978
2690
3784
1260
2705
61
133
3093
4914
4764
2953
2578
3497
4487
486
1035
1731
5599
4273
2571
5424
5259
2202
4427
3443
5088
4958
4314
2064
303
5454
650
3356
2696
5532
1238
3006
5856
266
2806
5502
293
284
936
5414
3535
4736
2710
2809
4466
738
24
3702
353
478
4818
5254
4493
3123
5277
5468
5213
548
3339
3727
2015
5673
2712
2263
44
3057
1878
2982
911
3050
807
2281
5245
5118
2273
1619
2880
2954
3718
784
5731
555
2096
2840
4938
5658
5503
1969
5307
5903
508
4017
1088
155
4709
3311
1861
757
5990
2838
4183
1802
449
3573
3833
1926
2024
1859
975
5399
4555
3653
4276
4133
4911
4100
5970
4939
4385
4117
251
3749
4247
5596
829
3586
2720
2308
346
1906
1230
3277
1988
1004
558
2258
1350
1345
1617
3745
2185
2254
411
1788
1441
3149
4904
46
1076
2450
374
368
3174
4768
3995
3378
5082
865
2609
2151
5516
941
2773
591
5411
2390
4760
2391
2443
4178
5776
4459
5675
1680
5498
4757
1577
161
3325
4554
1044
316
2894
1536
2913
2309
5645
191
3605
5844
471
5969
2291
1389
5782
5781
1251
1179
4495
3098
5518
181
566
2222
2134
5347
3209
3173
1085
1639
4541
5947
3487
5507
5550
3731
1822
2614
2405
4244
213
4752
5252
3144
1149
4737
2330
2591
3416
2075
5977
2672
3851
2283
4799
960
822
4079
1504
3427
1116
2050
3547
5493
3989
361
4822
160
3237
3617
2338
5181
876
5014
4226
5777
1420
3738
2469
3437
5766
3606
427
5819
256
3190
1010
3630
4532
2887
4150
1043
4533
1818
2583
2411
4361
5078
5506
2052
5724
3090
1473
773
4368
869
1398
1704
2018
4238
4271
1415
4395
5859
3075
2063
5954
4360
491
2518
4608
1471
2986
3845
3764
1905
4382
3623
5693
101
3665
1377
5008
2577
1758
1283
3599
3345
3944
3923
2059
4702
4550
428
657
452
5363
5176
4282
1948
648
801
2520
927
337
5429
5735
4581
296
2214
2632
3353
2488
3163
4363
2321
5449
5157
146
4634
5701
5339
1585
4716
3035
4545
5956
1567
3616
434
3286
5271
4724
5000
1070
3554
1434
2271
2871
4142
162
550
4480
553
3861
3054
3971
4935
3331
2551
2398
2762
2010
1696
3385
1727
1247
1668
4281
4847
5602
3456
5697
1282
3728
4660
5764
1069
2914
682
4882
1143
1810
2519
3390
2976
1376
2033
2094
4508
4411
1644
2983
1258
1715
3686
5640
4731
5985
4173
2961
3445
2911
1692
538
2467
4285
5073
3471
3261
4344
68
5853
1371
3821
5982
4850
4043
2985
4921
1285
3388
5427
5419
4910
3677
5404
3712
5275
3849
3066
684
5902
2508
1723
5085
496
2054
3657
3392
2376
5539
1542
4164
3087
2676
995
1297
1775
5870
3484
1921
5391
516
4971
1212
15
5933
2061
1971
2292
1690
150
4413
5184
1482
3219
4843
4058
4032
3896
277
3238
2668
950
1209
2101
4473
3903
2669
4286
3553
2514
270
1033
5993
1793
884
5452
4067
1963
2557
2323
4543
2305
2753
2972
69
5227
3812
2574
4396
5248
2971
4706
1150
2095
4065
713
4488
2813
5741
93
3442
3719
4250
2820
4584
3424
2768
850
1886
4421
4386
5720
3852
282
4251
4563
3285
4697
4821
794
3450
3848
2878
892
5789
4196
67
333
1510
672
2945
2888
849
3384
2289
5891
2301
5040
2417
3768
137
1058
1100
4346
3529
387
4304
705
4288
3334
2653
3089
2607
2195
2556
279
2216
5353
890
4080
278
4490
793
2922
898
2191
4923
1063
4816
5112
2940
175
385
2540
2165
1894
5140
1842
4108
341
5394
2727
396
292
654
3785
1243
4747
1581
3146
5723
5566
541
3395
4260
17
51
489
3797
3150
2415
642
3509
1079
3039
3593
1424
1380
5303
31
1813
3432
5813
5351
536
5396
720
4872
610
4670
617
3133
2066
703
1342
2400
1073
4122
2626
1676
5031
934
29
2303
910
853
5523
5838
5326
138
2009
5710
5232
5387
1426
5805
4335
4016
442
3874
62
1059
5049
2225
5100
4931
4993
4600
5012
3374
2454
718
5791
2651
5315
3347
2137
1895
135
2793
4327
4512
5487
4944
9
487
913
3254
5133
2660
1303
5071
3875
2526
1893
3934
3694
470
1804
4431
3177
5962
948
1854
3655
3234
4740
4089
3188
3659
581
4800
4954
4223
2325
3679
3811
3196
3034
1779
2233
1961
4880
2674
2800
2598
2227
3389
2565
1128
3609
445
4484
3457
5807
3884
1007
3882
3925
5820
283
1077
3230
4801
1163
2543
238
3059
2524
4725
2493
3118
156
5408
2634
483
3274
653
2358
2021
1632
3919
1975
2610
3736
3159
714
1404
4605
5061
4232
4829
756
503
3108
1349
3092
3912
5003
4687
3507
1162
5114
4068
3670
812
1360
1277
5624
406
1539
1458
305
3351
4953
2103
4986
2356
1853
5022
5522
4890
4499
234
1579
4653
3107
1051
2048
5136
3336
5607
49
3201
4311
485
2011
5941
3857
4011
1841
407
5486
4842
1531
4991
2599
2365
787
202
3165
2874
5174
1649
888
4071
250
4328
3966
389
472
3569
165
1846
3459
1172
4240
3104
2259
4955
1123
1667
1657
1221
3291
2345
5123
4755
4272
3396
1034
1299
380
5712
3152
4735
393
4013
5328
1924
1666
5531
896
1125
1060
3876
1131
399
5057
5535
1509
1094
972
1189
1959
878
4101
4527
1053
4053
1772
3917
4057
3183
2147
245
1363
5551
5101
1406
5021
734
4258
1789
2638
1090
4820
3660
2155
1508
170
3062
1670
2704
1635
897
2249
691
2341
4998
5084
2231
5240
4478
5663
5784
1140
5739
4612
4879
5091
5860
3293
4889
4355
3721
20
686
3560
3241
4292
194
4
1685
3891
3656
3091
5434
5842
3964
2939
1192
673
4235
3206
119
2266
1777
2630
699
3248
4209
2483
2203
1773
1768
3181
2437
2171
3282
1522
4694
3005
528
1717
4132
4019
3168
4390
651
2100
2182
1320
4460
1652
2136
981
5709
2890
1038
1858
3800
1201
5817
5577
4589
1335
3830
1925
5205
1180
2708
2829
5767
601
3264
3759
5128
2737
5035
4485
1679
3337
5537
821
1600
5538
2931
665
2837
2714
1436
1431
1101
3684
2641
5644
4778
3095
2093
1187
4501
226
5442
1838
4663
2117
3283
588
3772
2201
3932
1936
5331
3030
5660
3348
5943
2230
262
2636
5761
1794
3807
4895
126
70
2207
5992
2239
2333
951
4712
3014
3253
2857
5410
3711
1614
5198
5361
2930
593
1109
3856
3779
4727
4086
3714
1606
335
2179
2627
5215
4377
3685
1843
1274
2563
5973
1030
3640
3742
4969
5026
2427
1601
1430
1923
408
5740
315
4215
5869
2746
5530
4491
3243
4365
4037
5976
4841
4220
5746
3081
4912
1736
5044
4375
2141
3871
901
116
4742
2903
5304
573
5725
3367
3958
3527
3493
565
4357
2687
5966
4012
5360
5445
4849
5155
4775
2354
5742
418
1083
2601
3315
4839
3774
1217
1122
5120
3296
5470
264
1208
4248
5065
4610
3040
2109
824
4658
5743
696
1330
1599
4301
5543
2002
5225
1158
3767
4531
1111
5107
5565
3837
3631
5063
4943
732
5608
1900
88
4870
5622
4461
2219
1747
1767
2270
1132
5994
4628
4886
106
2170
217
3819
409
1840
5186
4594
775
204
3597
3647
1871
5727
5325
3052
2801
5861
1938
3561
4643
5639
5102
3354
4061
1834
3117
3125
973
4436
1353
3448
3887
4441
1650
5263
3832
1832
5520
158
5642
309
4031
1664
2238
224
3063
285
1918
1698
1920
4622
2311
5222
798
2846
2446
1862
3601
3757
987
4479
3732
1210
30
2725
3398
5995
265
887
5669
375
3371
3783
5917
1560
3074
5200
1868
401
5370
4415
5343
4750
5790
3680
5548
4189
446
1499
5998
5475
371
5274
2915
2959
2648
733
5386
2767
5627
4517
5415
3531
3628
103
2804
4187
5797
2766
2771
362
2799
1486
1107
310
3696
2792
5342
4791
2160
3542
5045
4690
3627
3114
4845
2780
499
3128
2133
1620
4033
4452
1960
5788
2552
326
4443
2901
3993
5526
2162
1267
4715
4570
5
5652
2738
2733
5481
998
2083
3129
1275
2324
4166
3322
5849
5623
2558
4714
5359
4120
1408
5801
5314
1364
4945
4001
809
2973
3602
623
505
715
5278
4511
5148
2511
195
1440
803
4788
5239
4109
3306
4099
4831
2948
790
5847
3658
5115
3018
1146
1039
3410
2781
2994
5165
3921
1068
4708
3739
605
1856
552
1207
2573
1346
4424
1374
1857
4693
3211
1899
4864
863
5025
2065
1797
1273
1816
1174
5572
5571
4294
1746
1165
1427
4957
3961
906
2448
3184
2164
1999
2990
3612
447
2287
275
517
5614
5007
5151
7
1527
252
1729
2807
91
4979
3939
4552
5144
1691
257
4867
4592
3798
3502
2047
223
4852
4161
1245
2819
4138
3011
2941
5217
5233
506
5087
2434
1193
3722
4153
1205
989
3489
5124
2253
1673
1943
4980
1887
5840
1991
1026
1242
4110
1395
4231
674
1970
2145
2110
4326
130
577
5934
4719
783
2585
1082
5587
838
4339
5681
833
3263
2005
4566
2936
5775
3760
3169
3636
4249
1448
2138
1830
2603
4744
60
2455
2881
2317
3963
1823
4348
983
271
3843
4665
5588
1558
1625
3084
2027
3905
4833
1024
1151
206
321
5561
1786
4241
1983
2555
437
4003
4163
419
5881
248
4657
39
5601
2910
962
4613
1726
221
2755
3008
3155
1984
241
4060
3228
5247
2530
2382
5428
3703
3748
5752
4367
3080
3524
1439
4205
533
1629
3532
2579
2359
2673
4287
1478
4699
518
5923
4337
5152
4229
2731
4617
131
5889
3321
4978
3182
2897
2756
1956
1093
5664
4313
3889
4936
4022
3866
388
2659
1573
304
1464
4758
2466
3031
5469
1312
875
460
299
5488
2795
1829
2320
1468
64
1429
4932
4995
2228
1388
3968
2785
1872
1494
797
1435
1262
1952
3846
5726
1467
3101
804
5214
290
4848
2752
4994
4823
1226
4236
2395
1357
564
2299
3618
1910
5039
5471
5409
2895
3883
1177
3924
560
1334
2440
1656
1724
5816
2589
3323
2797
1417
1135
4505
1993
1447
1951
1713
5382
4575
5430
4440
1403
327
504
955
25
2789
4419
789
509
4834
1249
1102
4444
1115
254
3329
5534
3762
1694
5597
570
3477
4025
5043
3077
5311
2818
189
5930
2750
604
492
3580
2503
243
980
3272
4199
3287
3587
5256
5598
4703
66
5899
3368
2675
403
4804
3027
3868
2790
3446
914
1432
47
1386
5127
4811
1244
2763
3900
1962
1697
1200
1703
1593
4748
568
102
2748
32
5949
1443
4542
5388
1914
3634
2106
5105
5716
142
2099
3622
3909
2873
2933
5733
5433
4322
1812
4124
355
3186
2459
3795
5059
2262
768
3491
3744
3860
2879
5482
36
635
4307
1669
3240
2515
1104
2616
5455
4515
2935
4400
3922
5771
4965
5694
5827
4389
1750
5542
2883
3802
2006
880
4305
2859
814
1338
1592
4636
3136
1554
1623
5421
3537
1393
328
5554
5983
2546
2649
50
2981
4780
827
1880
1065
2622
4717
4330
3038
1476
4380
3303
857
4131
3725
4609
2444
4216
5800
3086
83
942
4893
1152
4265
5570
1253
4960
4054
2177
5243
2023
3777
5195
1530
481
2193
3262
1783
2539
3164
5196
2081
537
5511
114
5199
3494
3467
3213
2461
3258
4422
835
1373
2234
4549
4743
332
919
205
3013
1281
4667
3402
100
3290
3239
1153
1362
2368
979
2102
5170
3100
1502
4761
860
4591
545
3330
4004
5193
1980
1416
4567
149
4756
1098
5249
4786
1674
4734
3916
3099
2559
3429
2206
2561
1608
2798
5679
140
4399
1888
453
5149
3598
5783
5441
4371
201
5287
1915
5894
3613
4722
3016
1042
4992
1167
3773
1488
736
3997
4650
5524
5703
602
5306
357
3178
425
1222
5052
218
4779
1941
439
3227
2331
298
71
2373
5536
1455
2416
2497
4648
1397
4754
400
261
1261
33
4635
3895
2357
3514
4268
4210
1866
5201
4518
4826
943
4156
670
627
4509
638
4423
96
2538
4707
2264
544
5042
1828
608
4234
2025
3669
3816
5868
4393
1751
4180
5904
2586
365
1628
1985
2257
5851
668
4364
3382
3047
3269
5265
932
2662
2361
4379
6
2906
75
5563
1764
2827
4144
3203
4796
3004
5235
4207
3115
5426
1590
2199
2108
4266
4504
3414
3563
4696
5619
924
1570
8
5822
4730
1547
4825
2404
2784
1272
1289
2770
5814
1061
95
1340
3193
5568
147
2826
4008
3036
5927
4486
799
1402
1782
2453
1011
5707
2692
5950
1566
3752
5908
4084
1945
4353
2157
2019
4795
287
2431
1576
2706
3624
5322
2899
1477
1411
173
3102
4129
2294
52
5558
2211
655
5754
5882
5657
779
4973
3221
4896
5583
288
3126
2175
4526
749
839
965
4458
1462
2127
3298
4159
4540
1451
1493
246
3453
843
5702
3890
3550
4972
3140
4324
5745
1544
422
1594
4030
289
5150
563
1369
2833
2229
5560
98
2872
5459
3536
1904
1675
3892
4425
1514
4064
4987
3068
5872
1875
530
4751
4856
2775
2282
4528
1344
5621
1580
4633
5145
1405
1535
3379
2298
2449
5030
5527
5373
5131
2336
1819
4762
5273
1168
1972
2688
3202
4669
5948
885
762
1078
3225
4908
1973
1161
5330
3825
4682
340
479
2549
5887
1173
2188
3215
1798
4143
1821
4020
3516
1279
5656
2480
4546
157
5258
3327
3041
5299
3001
4561
104
5988
5011
4126
3160
2802
4951
1865
2034
2489
5828
5362
5182
200
5905
420
3024
1183
5147
302
3338
4070
931
13
4956
397
3009
1582
5116
4405
1646
5288
1640
1178
3662
178
3641
1953
4679
4334
3996
2149
2667
3948
4349
3433
5338
2844
1763
300
3134
5230
3708
3156
2637
1322
2943
2120
2183
4404
4606
373
2176
2666
4228
5103
3349
614
2700
2695
2210
3255
1874
1621
5798
4317
2412
4295
3572
1351
3440
3854
4103
3642
5334
3986
2035
3682
2327
336
2269
5556
4471
5668
616
4130
1236
5490
3778
3844
3251
3813
5420
4168
2146
3010
3470
726
729
2629
1370
4678
2924
3111
3122
3083
5647
4680
426
4069
2845
524
5616
4384
54
1863
4410
4323
3983
3352
459
1687
5137
598
1018
1331
5799
2475
2847
3029
993
2950
347
3941
1142
2378
3901
3302
3359
818
5997
4745
5544
3822
599
5687
2036
4868
3575
4321
431
937
5451
405
1937
4088
3979
5806
5257
1020
192
2896
2644
5755
2757
421
612
5580
5357
1946
2528
1381
5385
2942
1450
3928
523
4574
3826
698
1630
640
3533
2014
2013
1553
2414
2285
3927
1156
186
2194
4056
2777
969
2226
725
3552
5839
4662
3358
4446
1844
1005
1110
2544
5744
5529
3130
1400
3423
5830
3540
2420
785
4045
5845
3735
2377
5495
1776
986
5575
5298
5676
3626
5787
1598
5381
1108
4514
4430
3652
5301
2719
5786
4433
1891
5231
5719
4370
4556
694
4172
344
1825
2012
1595
3525
1753
2509
4139
1421
1977
2580
4193
1306
2678
5528
5938
179
2709
1745
1446
3557
3324
4990
5229
5835
5772
704
3236
497
2419
4733
2824
2522
2848
2716
594
4977
1339
4565
671
5344
5854
2115
2919
3082
629
2803
4401
1313
4498
4477
1883
2020
5009
4181
1396
1638
306
2853
4303
3319
10
3116
3465
358
899
4649
5674
3992
5104
3743
2886
5224
542
2516
4319
3546
4397
2436
631
1578
3796
465
3888
1884
2074
4128
5296
2554
810
220
5722
2315
735
295
4846
1466
3755
1394
3439
847
525
985
2684
5574
1950
1016
1481
4194
3187
1550
2200
2605
2208
5283
3033
1642
2926
1106
196
2863
404
3260
4175
5637
2144
3758
5500
4185
5422
556
4147
2542
5141
1545
5692
5991
1845
1054
3931
4448
854
5472
3185
848
5918
3730
4009
3466
1134
2381
274
2481
5864
1333
4062
5017
866
4553
2566
65
294
2460
5236
3980
5576
3372
2272
1538
2441
3709
3872
1027
3806
3224
3678
4106
4772
2923
4787
2979
2241
3413
1091
622
21
2121
1214
1589
1995
1096
5171
3294
2868
1120
644
2192
4655
649
1041
2830
5489
546
1317
5680
2882
1385
549
1815
5446
5289
3649
495
1734
3369
2276
3818
4759
466
5505
709
2796
1787
4783
3208
4202
4776
2839
5699
4029
338
5751
4454
4675
1699
4338
4341
4878
3724
947
1705
4654
3946
1089
4312
4576
5600
198
2143
1012
2362
484
4257
5958
5268
4710
666
764
1001
3510
4651
5678
3574
826
514
4988
4125
1171
5164
743
3043
4074
4083
3723
3862
3985
3051
5125
2243
4024
2621
2816
5070
339
5002
4917
3161
280
5172
1677
728
2071
377
3756
3147
1256
2371
5401
2072
1660
4041
3473
805
5305
1341
4476
3673
5920
3430
5321
1739
5925
4200
4661
5369
473
4369
2993
1310
1989
3788
4604
5286
3072
1378
2864
513
5737
1774
2987
5968
1855
3611
5191
4601
494
2297
3273
2364
1382
4044
5555
4378
4167
4438
5161
4078
4860
1890
1902
301
2447
820
3308
730
372
5398
4983
2904
2693
4227
2236
3449
1463
4280
1199
2352
2278
1442
2119
1848
3106
3394
2658
2932
628
2968
3584
926
900
5113
4021
390
4817
5350
2505
1119
5736
5130
2322
4096
1850
4869
4366
5483
2335
4741
4052
4585
272
645
4136
4695
5626
1304
3409
1917
5055
3674
5392
5126
4437
1124
2031
1957
656
1032
2812
5143
5251
4192
1147
5989
4417
2053
667
3879
1803
3515
5732
4274
123
2318
2728
4467
2393
2537
5418
5206
5355
4538
4723
2367
719
4151
3548
5708
2734
1211
1298
5857
4097
5888
3592
5893
4418
3244
2125
1301
2051
526
4407
2349
3886
1292
2726
4157
5826
113
2661
4802
3482
4354
2442
5996
2828
108
1615
4865
2569
2701
603
1659
4049
5393
1912
53
180
5111
450
3841
5666
4937
1807
624
2617
121
706
5079
2196
4656
511
1903
5514
2118
2049
4094
2902
5053
4963
1831
5513
5975
4149
1489
5672
190
3257
837
2340
3415
382
2646
4146
795
2988
4483
1074
5209
3654
255
383
5770
423
4525
4919
3313
2825
4023
3326
2938
619
4158
5579
737
379
1919
2237
2677
4562
5871
5178
1939
2430
410
3166
2156
5226
4300
4316
4269
3301
1105
1622
4170
3151
1025
3495
4933
1490
3217
5159
2058
4892
928
2113
4302
5862
5122
510
763
4927
3120
1597
2962
2572
5677
3281
5092
2584
4275
1308
5940
522
745
3032
1824
2613
1728
590
4946
4861
3543
4005
1756
1136
3817
1219
1572
1288
5718
687
5821
1014
4137
5134
3109
4582
964
1737
3441
5959
1484
5346
600
1748
529
3332
4112
1169
5939
77
5185
5866
5412
606
1460
5848
2995
1947
2506
4402
5907
4659
2055
1390
1141
5915
3648
4036
432
2764
2350
2471
771
879
395
4809
2821
433
4309
1067
3937
412
1996
2893
758
663
3870
2494
840
3933
2999
5546
4862
4310
5006
1138
4447
4652
4738
5028
3863
578
3431
5453
3078
572
1761
3519
81
1204
2111
5885
3245
2217
1901
4642
1610
3460
3480
2078
345
1686
3145
490
4186
3404
92
448
5080
2788
1548
580
212
861
197
2957
4253
4219
5552
4208
4619
3793
971
4854
4123
3399
2386
4468
5837
3135
690
3577
780
1055
4625
3231
1232
5397
5981
2501
366
3289
3021
2855
4073
4093
2765
3522
5877
4997
4119
3675
5160
845
1454
199
1711
3113
2418
3726
1036
122
5190
2394
1227
877
5509
2960
5096
1316
1557
5291
883
233
2197
1198
534
5242
2774
3836
3488
2154
2523
4672
4262
1002
1645
3799
5354
2387
4999
4077
1738
1483
3663
1498
402
5062
4160
1519
5617
4451
1358
4568
643
4204
5367
2001
520
5312
5967
5886
3965
2769
3697
3170
174
2187
4059
834
273
3591
3803
3590
2161
2406
1909
4165
678
1264
760
120
5494
5261
904
1305
3472
2077
1295
4345
3629
5406
3956
1452
502
954
4819
3549
1220
38
4201
966
3710
370
592
4794
2852
5204
1021
3975
921
4320
2370
527
1809
5683
2397
323
2927
2380
5371
791
394
922
5058
4590
3132
4891
4704
4916
5960
235
4470
2295
609
1315
4871
5020
3809
5372
676
903
2039
615
574
870
554
2007
976
4171
2313
1564
1678
968
3007
5812
2875
5478
5163
1278
1967
37
1233
2425
3914
583
4952
1587
4949
3513
3952
2570
3589
5153
3570
859
5267
1241
5879
2045
4782
5064
2606
3366
5285
4351
3885
2069
5499
1785
873
5156
3088
3740
1263
1927
5188
3596
4616
4015
4102
2998
4481
646
3280
2167
4217
4516
2388
5175
3930
5081
5758
532
907
3644
3180
3671
210
3463
1966
2432
1885
747
4632
3734
5633
4072
1976
1549
4705
1778
723
3842
3124
3717
4388
2389
2098
331
2245
957
5432
3512
4947
970
5774
2456
836
5332
5811
5377
1329
1721
247
613
3002
2366
1268
2478
462
3940
633
2337
2030
2129
4766
376
1518
4261
5634
4308
639
559
569
5004
1517
59
5384
3668
2205
761
1529
2536
2166
4942
2131
5292
918
5056
4218
1224
4299
4959
2749
4472
746
4926
1533
2251
2850
5984
4325
4645
1383
3412
2635
2657
1159
5578
4521
1321
4107
1175
5964
2135
1387
5403
2602
515
4915
4148
4502
1479
5691
5549
4506
5510
1781
2097
4732
2900
744
5834
1052
539
4035
5898
1986
4630
2319
2532
3199
2866
5473
381
4489
4985
5836
267
5302
996
124
5024
531
1399
1307
2980
963
3176
5336
3633
3200
5729
5900
3189
5517
5109
5661
5802
4333
3645
4851
4770
5612
3069
844
4898
5649
3943
3483
4169
3840
1318
2082
2215
716
5613
4726
1271
1048
3938
5060
5804
2631
1418
1410
1584
1391
4306
5808
236
1563
4928
5584
5760
5512
1290
4497
3761
3947
3808
3551
129
722
1269
222
1561
1827
1157
4810
5154
3266
1605
5255
1596
2663
5620
5438
3955
4039
5748
4408
5738
3226
1475
3977
4560
176
5825
1495
2339
1655
1877
4277
3506
1987
4104
4329
1384
4535
2722
2114
1791
846
4639
3791
2564
4674
1121
5218
1725
4828
2811
5963
4815
5533
85
562
2399
5986
4753
307
1611
2876
4233
4475
2742
1045
2865
2351
2718
117
1084
2823
3899
19
5048
1568
3192
893
3
5272
3017
5829
2550
3534
1047
3520
211
3789
242
4684
557
2744
5051
3076
2905
1423
3661
823
3699
675
5416
1046
5032
154
1730
3270
244
1913
55
2132
2975
2909
4347
2739
5366
188
3333
769
778
4607
1480
2213
4406
4894
4544
4336
2332
115
2597
4668
4224
3942
4455
1607
4318
1826
767
5074
1474
1133
2623
3564
171
4824
3105
4907
2296
3025
1087
