159
36
177
2
45
105
165
138
52
213
172
146
110
115
121
98
180
60
13
44
16
84
134
29
214
21
122
184
30
102
174
4
42
47
5
77
3
15
215
113
204
81
191
99
132
66
144
73
10
119
176
9
12
38
167
61
142
89
168
133
135
79
78
208
64
103
0
111
182
193
37
162
192
125
104
197
186
217
32
170
207
85
48
157
124
76
100
152
127
19
130
198
155
210
65
195
220
46
126
101
54
153
106
109
221
148
95
194
156
33
140
200
82
196
63
131
123
185
211
112
72
120
161
27
128
34
51
80
205
171
14
83
190
69
149
118
145
216
136
43
18
68
53
90
94
41
93
116
181
175
25
201
164
74
58
169
17
49
147
92
158
160
75
141
20
96
31
137
117
11
67
199
88
91
24
97
203
