122
123
118
119
36
37
60
61
86
87
152
153
178
179
136
137
70
71
78
79
82
83
216
217
24
25
74
75
10
11
20
21
16
17
6
7
124
125
208
209
88
89
158
159
102
103
160
161
140
141
80
81
98
99
184
185
204
205
92
93
168
169
150
151
100
101
180
181
214
215
104
105
40
41
154
155
126
127
210
211
38
39
44
45
134
135
186
187
0
1
176
177
142
143
188
189
128
129
30
31
174
175
130
131
12
13
112
113
2
3
68
69
196
197
182
183
66
67
4
5
218
219
28
29
18
19
170
171
190
191
166
167
52
53
194
195
220
221
162
163
14
15
50
51
172
173
84
85
138
139
206
207
146
147
202
203
46
47
90
91
198
199
132
133
120
121
26
27
110
111
212
213
42
43
32
33